dataset,file,horizon,seq_len,learning_rate,weight_decay,rho,batch_size,use_revin,num_epochs,seed,device,selected_by_val_mse,test_mse,total_seconds
ETTh1,/home/gsinger/samformer/dataset/ETTh1.csv,96,512,0.0005,1e-06,0.0,256,False,100,1337,cuda,0.6421938829829567,0.36540170528716814,215.00824284553528
ETTh1,/home/gsinger/samformer/dataset/ETTh1.csv,96,512,0.0005,1e-06,0.0,256,False,100,1337,cuda,0.6628247328077032,0.36055527910496454,287.64388251304626
ETTh1,/home/gsinger/samformer/dataset/ETTh1.csv,192,512,0.0005,1e-06,0.0,256,False,100,1337,cuda,0.9131177138620323,0.39176539309036734,291.3419327735901
ETTh1,/home/gsinger/samformer/dataset/ETTh1.csv,336,512,0.0001,1e-06,0.0,256,False,100,1337,cuda,1.1615515761650683,0.4170638908997867,297.6476397514343
ETTh1,/home/gsinger/samformer/dataset/ETTh1.csv,720,512,0.0005,1e-06,0.0,256,False,100,1337,cuda,1.3953431801794423,0.4567953140078514,319.169393539428
ETTh2,/home/gsinger/samformer/dataset/ETTh2.csv,96,256,0.0005,1e-06,0.0,256,False,100,1337,cuda,0.20505810894921234,0.27865484039849364,716.4835081100464
ETTh2,/home/gsinger/samformer/dataset/ETTh2.csv,192,128,0.001,1e-06,0.0,256,False,100,1337,cuda,0.27189721899276975,0.37076735084403345,946.9504010677338
ETTh2,/home/gsinger/samformer/dataset/ETTh2.csv,336,128,0.001,1e-06,0.0,256,False,100,1337,cuda,0.3648438964972407,0.413206900130825,429.2375190258026
Weather,/home/gsinger/samformer/dataset/weather.csv,96,768,0.0001,1e-06,0.0,256,False,100,1337,cuda,0.4061105389372953,0.16778150999932948,1852.7675330638885
Weather,/home/gsinger/samformer/dataset/weather.csv,192,768,0.0005,1e-06,0.0,256,False,100,1337,cuda,0.4689050657664029,0.21008602426412157,1970.5254302024841
Weather,/home/gsinger/samformer/dataset/weather.csv,336,768,0.0001,1e-06,0.0,256,False,100,1337,cuda,0.5276872679978174,0.2561077496776642,2368.084702730179
Weather,/home/gsinger/samformer/dataset/weather.csv,720,768,0.0001,1e-06,0.0,256,False,100,1337,cuda,0.6116816719340609,0.31767891551575705,3441.391738176346
Exchange,/home/gsinger/samformer/dataset/exchange_rate.csv,96,256,0.001,1e-06,0.0,256,False,100,1337,cuda,0.12751684617418726,0.08868739065205253,187.85911536216736
Exchange,/home/gsinger/samformer/dataset/exchange_rate.csv,192,128,0.001,1e-06,0.0,256,False,100,1337,cuda,0.2203825868262001,0.18072796874923386,171.69058966636658
Exchange,/home/gsinger/samformer/dataset/exchange_rate.csv,336,768,0.001,1e-06,0.0,256,False,100,1337,cuda,0.3546266925893072,0.37690437633323703,183.9827423095703
Exchange,/home/gsinger/samformer/dataset/exchange_rate.csv,720,128,0.001,1e-06,0.0,256,False,100,1337,cuda,1.0221599685672438,0.9022919863177329,184.48874378204346
ETTm1,/home/gsinger/samformer/dataset/ETTm1.csv,96,512,0.0002,1e-06,0.0,256,False,100,1337,cuda,0.3880888564393118,0.30126088150078806,2211.1789498329163
ETTm1,/home/gsinger/samformer/dataset/ETTm1.csv,192,256,0.0005,1e-06,0.0,256,False,100,1337,cuda,0.5066313787286343,0.3402794145879091,2182.9442455768585
ETTm1,/home/gsinger/samformer/dataset/ETTm1.csv,336,512,0.0005,1e-06,0.0,256,False,100,1337,cuda,0.6512307075744702,0.3699623992518904,2215.144966363907
ETTm1,/home/gsinger/samformer/dataset/ETTm1.csv,720,768,0.0002,1e-06,0.0,256,False,100,1337,cuda,0.9348629205511586,0.41648485115131395,2467.17715215683
ETTm2,/home/gsinger/samformer/dataset/ETTm2.csv,96,768,0.0002,1e-06,0.0,256,False,100,1337,cuda,0.1144193223944581,0.1596865742215737,2108.6936106681824
ETTm2,/home/gsinger/samformer/dataset/ETTm2.csv,192,768,0.0002,1e-06,0.0,256,False,100,1337,cuda,0.15187464761892078,0.21588108019519278,2168.6966218948364
ETTm2,/home/gsinger/samformer/dataset/ETTm2.csv,336,768,0.0005,1e-06,0.0,256,False,100,1337,cuda,0.1929504393513437,0.268163710145337,2231.9982397556305
ETTm2,/home/gsinger/samformer/dataset/ETTm2.csv,720,768,0.0002,1e-06,0.0,256,False,100,1337,cuda,0.26525606973785243,0.35108517403792006,2464.4625494480133
